$ ./build && ./run/ring_math 4
nodes = 4
44 7 16 35 
37 9 19 9 
28 10 10 28 
18 0 18 0 
18 18 18 18 
0 0 0 0


$ ./run/ring_math 8
nodes = 8
10 106 98 14 154 7 59 112 
96 8 84 140 147 52 53 102 
88 76 56 7 95 1 49 6 
12 20 49 88 94 48 43 82 
8 29 39 6 46 5 39 70 
21 10 33 40 41 34 31 62 
11 23 7 1 7 3 31 41 
12 16 6 6 4 28 10 30 
4 10 0 2 24 18 20 18 
6 10 2 22 6 2 2 14 
4 8 20 16 4 0 12 8 
4 12 4 12 4 12 4 4 
8 8 8 8 8 8 0 0 
0 0 0 0 0 8 0 8 
0 0 0 0 8 8 8 8 
0 0 0 8 0 0 0 8 
0 0 8 8 0 0 8 8 
0 8 0 8 0 8 0 8 
8 8 8 8 8 8 8 8 
0 0 0 0 0 0 0 0
